grid1:
-0.224443400494
-0.121598422591
-0.031532474375
 0.055833113081
 0.149241968199
E1:
 905.873799151301
2706.044018533554
4494.319366498695
6272.329081164214
8009.244244666611
wf1:
 0.056444398035  0.211494230812  0.472863694922  0.669274679861 -0.529674946722
 0.344656399763  0.638745637885  0.461709885062 -0.179329161938  0.477368840520
 0.704929095757  0.250382512757 -0.478189646202 -0.146041750148 -0.436337067804
 0.591810556218 -0.573112597508  0.085805945769  0.389406460454  0.402867427764
 0.175673650663 -0.395126243496  0.572010410741 -0.589021960835 -0.372654316790
grid2:
-0.411334769796
-0.215938128368
-0.042347094099
 0.127634758829
 0.310789212522
E2:
 572.113461165261
1719.082014545391
2874.459881557942
4037.539885176471
5207.577997900325
wf2:
 0.073848977966 -0.248733192462  0.504394088828  0.663447601337  0.487956976440
 0.389260087582 -0.646569216349  0.392294649144 -0.239754772457 -0.468024988674
 0.715377048220 -0.165313546788 -0.502421483062 -0.089012076787  0.447835476120
 0.554421461953  0.597886773417  0.148712791294  0.362701233856 -0.426005363069
 0.154516776029  0.367808217499  0.563159542645 -0.602394882539  0.401015481104
grid:
     &                    0    0    -0.224443400494d0,      -0.411334769796
     &                    0    1    -0.224443400494d0,      -0.215938128368
     &                    0    2    -0.224443400494d0,      -0.042347094099
     &                    0    3    -0.224443400494d0,      0.127634758829
     &                    0    4    -0.224443400494d0,      0.310789212522
     &                    1    0    -0.121598422591d0,      -0.411334769796
     &                    1    1    -0.121598422591d0,      -0.215938128368
     &                    1    2    -0.121598422591d0,      -0.042347094099
     &                    1    3    -0.121598422591d0,      0.127634758829
     &                    1    4    -0.121598422591d0,      0.310789212522
     &                    2    0    -0.031532474375d0,      -0.411334769796
     &                    2    1    -0.031532474375d0,      -0.215938128368
     &                    2    2    -0.031532474375d0,      -0.042347094099
     &                    2    3    -0.031532474375d0,      0.127634758829
     &                    2    4    -0.031532474375d0,      0.310789212522
     &                    3    0    0.055833113081d0,      -0.411334769796
     &                    3    1    0.055833113081d0,      -0.215938128368
     &                    3    2    0.055833113081d0,      -0.042347094099
     &                    3    3    0.055833113081d0,      0.127634758829
     &                    3    4    0.055833113081d0,      0.310789212522
     &                    4    0    0.149241968199d0,      -0.411334769796
     &                    4    1    0.149241968199d0,      -0.215938128368
     &                    4    2    0.149241968199d0,      -0.042347094099
     &                    4    3    0.149241968199d0,      0.127634758829
     &                    4    4    0.149241968199d0,      0.310789212522


E:
     &    1477.536979836902d0,
     &    2623.554532862426d0,
     &    3273.872069030943d0,
     &    3777.972438129468d0,
     &    4418.870839834409d0,
     &    4940.683156864679d0,
     &    5055.285427163048d0,
     &    5572.733593194255d0,
     &    6109.778301798590d0,
     &    6200.904361573672d0,
     &    6741.430954934951d0,
     &    6825.463773558758d0,
     &    7355.062203869884d0,
     &    7911.133983674138d0,
     &    7971.813054825418d0,
     &    8531.314697057085d0,
     &    8584.444096872232d0,
     &    9125.533955485133d0,
     &    9714.126318057664d0,
     &    9754.866448285920d0,
     &   10307.029832373708d0,
     &   10932.926851498378d0,
     &   11507.250441756485d0,
     &   12165.577393419986d0,
     &   13279.820089917082d0,


wf:
     &      -0.004599584926d0,
     &      -0.023470269043d0,
     &      -0.040589365463d0,
     &      -0.028340089849d0,
     &      -0.006596143790d0,
     &      -0.026377207135d0,
     &      -0.137639825193d0,
     &      -0.246594095522d0,
     &      -0.182073449861d0,
     &      -0.046468826902d0,
     &      -0.053780442080d0,
     &      -0.279514458035d0,
     &      -0.505168037967d0,
     &      -0.382815349357d0,
     &      -0.103207194167d0,
     &      -0.047316208327d0,
     &      -0.239359978067d0,
     &      -0.427071432938d0,
     &      -0.324775932561d0,
     &      -0.090120110081d0,
     &      -0.015765291511d0,
     &      -0.075228423616d0,
     &      -0.128662370524d0,
     &      -0.095296492851d0,
     &      -0.026334646211d0,
     &      -0.015195394289d0,
     &      -0.038428207667d0,
     &      -0.010113378070d0,
     &       0.028842076691d0,
     &       0.014999201497d0,
     &      -0.086976005390d0,
     &      -0.222153666091d0,
     &      -0.051305082830d0,
     &       0.196128272927d0,
     &       0.109389207577d0,
     &      -0.178080549714d0,
     &      -0.450777331869d0,
     &      -0.096590887618d0,
     &       0.425085517160d0,
     &       0.248268702667d0,
     &      -0.158104578178d0,
     &      -0.389647479861d0,
     &      -0.081676292670d0,
     &       0.365857008059d0,
     &       0.219835417804d0,
     &      -0.053459433023d0,
     &      -0.125017669543d0,
     &      -0.026945123939d0,
     &       0.107245967166d0,
     &       0.064704513065d0,
     &       0.017791258028d0,
     &       0.091192758222d0,
     &       0.154419467104d0,
     &       0.103212329408d0,
     &       0.022316258780d0,
     &       0.047524772154d0,
     &       0.262364322179d0,
     &       0.468318845470d0,
     &       0.328793526881d0,
     &       0.075172985745d0,
     &       0.009213712342d0,
     &       0.096055291627d0,
     &       0.199418539208d0,
     &       0.136186466372d0,
     &       0.023006628760d0,
     &      -0.060396503873d0,
     &      -0.249003523729d0,
     &      -0.399081852608d0,
     &      -0.299529960074d0,
     &      -0.090363390853d0,
     &      -0.042325446103d0,
     &      -0.179392012647d0,
     &      -0.285930744066d0,
     &      -0.205467667070d0,
     &      -0.057416592312d0,
     &      -0.031341287207d0,
     &      -0.028227023671d0,
     &       0.019426815607d0,
     &      -0.010341051305d0,
     &      -0.022730642544d0,
     &      -0.175242496813d0,
     &      -0.141310557715d0,
     &       0.147549404336d0,
     &      -0.065495112965d0,
     &      -0.168664044537d0,
     &      -0.354666782346d0,
     &      -0.259232897994d0,
     &       0.347021999164d0,
     &      -0.129596203839d0,
     &      -0.386069729846d0,
     &      -0.313879254938d0,
     &      -0.209807112637d0,
     &       0.325165277071d0,
     &      -0.097502034737d0,
     &      -0.342585315705d0,
     &      -0.106682275417d0,
     &      -0.065501780488d0,
     &       0.106742386202d0,
     &      -0.022495968030d0,
     &      -0.100295675666d0,
     &      -0.058424622508d0,
     &      -0.143842592580d0,
     &      -0.025567477736d0,
     &       0.115857912275d0,
     &       0.053661043140d0,
     &      -0.160101243768d0,
     &      -0.416449163667d0,
     &      -0.059355975781d0,
     &       0.396552837457d0,
     &       0.191272367995d0,
     &      -0.046492077909d0,
     &      -0.182068507472d0,
     &      -0.026764785888d0,
     &       0.194555176315d0,
     &       0.076135684902d0,
     &       0.180569651613d0,
     &       0.350623469131d0,
     &       0.036403668640d0,
     &      -0.334457558901d0,
     &      -0.210516752107d0,
     &       0.134018171647d0,
     &       0.271201845521d0,
     &       0.033521862339d0,
     &      -0.239679853250d0,
     &      -0.140398233112d0,
     &       0.044350326599d0,
     &      -0.002272708301d0,
     &      -0.007256826810d0,
     &       0.007610937929d0,
     &      -0.025919170257d0,
     &       0.234699330269d0,
     &      -0.054269761545d0,
     &      -0.026377076184d0,
     &       0.082345201293d0,
     &      -0.189014243660d0,
     &       0.457412274850d0,
     &      -0.171202050743d0,
     &      -0.037612057893d0,
     &       0.226707530396d0,
     &      -0.425351347704d0,
     &       0.394458539105d0,
     &      -0.190595055882d0,
     &      -0.031653875674d0,
     &       0.231818603449d0,
     &      -0.369857219888d0,
     &       0.132082797334d0,
     &      -0.072623513870d0,
     &      -0.014371964754d0,
     &       0.079302379117d0,
     &      -0.105200285568d0,
     &       0.040415807675d0,
     &       0.210171584688d0,
     &       0.350286478098d0,
     &       0.223741482859d0,
     &       0.044321465523d0,
     &       0.026533840760d0,
     &       0.186531180860d0,
     &       0.354906110073d0,
     &       0.234698382065d0,
     &       0.041692779201d0,
     &      -0.051325802528d0,
     &      -0.222579742250d0,
     &      -0.336917378271d0,
     &      -0.232458534691d0,
     &      -0.064600330389d0,
     &       0.020102018632d0,
     &       0.034528676356d0,
     &       0.039993574331d0,
     &       0.045626864647d0,
     &       0.022959275979d0,
     &       0.071325446657d0,
     &       0.269621493006d0,
     &       0.406353776103d0,
     &       0.286494862998d0,
     &       0.080630210478d0,
     &       0.118039223598d0,
     &       0.092290223593d0,
     &      -0.084894679516d0,
     &       0.049811351372d0,
     &       0.085465326649d0,
     &       0.323180490494d0,
     &       0.230163215164d0,
     &      -0.319074510594d0,
     &       0.168254274718d0,
     &       0.317120525156d0,
     &       0.117382280937d0,
     &       0.102984940841d0,
     &      -0.192016871970d0,
     &       0.086319699316d0,
     &       0.151125628563d0,
     &      -0.318333805577d0,
     &      -0.138584794146d0,
     &       0.266297060024d0,
     &      -0.112169885656d0,
     &      -0.314382498040d0,
     &      -0.247905313702d0,
     &      -0.110371150064d0,
     &       0.227132486973d0,
     &      -0.072079858940d0,
     &      -0.218195324236d0,
     &      -0.041974840475d0,
     &       0.020392058437d0,
     &      -0.014846740200d0,
     &       0.015002967290d0,
     &      -0.023492995640d0,
     &      -0.191494906857d0,
     &       0.139323801340d0,
     &      -0.119624329573d0,
     &       0.122657159912d0,
     &      -0.155894445293d0,
     &      -0.329210994286d0,
     &       0.309705642422d0,
     &      -0.298613233933d0,
     &       0.299313440077d0,
     &      -0.312569540015d0,
     &      -0.254275617650d0,
     &       0.288011724047d0,
     &      -0.296695009812d0,
     &       0.280360310173d0,
     &      -0.234395407683d0,
     &      -0.077459100015d0,
     &       0.099893526367d0,
     &      -0.103507614520d0,
     &       0.087133275361d0,
     &      -0.053548649926d0,
     &       0.132034010591d0,
     &       0.320513255796d0,
     &       0.028098592776d0,
     &      -0.277119432993d0,
     &      -0.114053297605d0,
     &       0.098109666772d0,
     &       0.310203185362d0,
     &       0.014760516066d0,
     &      -0.332525868978d0,
     &      -0.127960384575d0,
     &      -0.161039009655d0,
     &      -0.295915703168d0,
     &      -0.003664323579d0,
     &       0.279442769023d0,
     &       0.151097874387d0,
     &       0.034812698688d0,
     &       0.016400982532d0,
     &      -0.001297242557d0,
     &      -0.022791260496d0,
     &      -0.043434640329d0,
     &       0.207810667388d0,
     &       0.367859668900d0,
     &       0.008880751666d0,
     &      -0.346490612061d0,
     &      -0.198160403918d0,
     &      -0.161710453435d0,
     &       0.031534210786d0,
     &       0.014512885107d0,
     &      -0.029163396469d0,
     &       0.102057979139d0,
     &      -0.426870498988d0,
     &       0.168031399352d0,
     &      -0.000198771675d0,
     &      -0.156987056828d0,
     &       0.383018414689d0,
     &      -0.177964428655d0,
     &       0.121396336709d0,
     &      -0.011500114421d0,
     &      -0.113679863080d0,
     &       0.203071961974d0,
     &       0.345182337256d0,
     &      -0.179217304305d0,
     &       0.015884481001d0,
     &       0.163766421158d0,
     &      -0.337255157129d0,
     &       0.277465271378d0,
     &      -0.174835787864d0,
     &       0.003499422391d0,
     &       0.148520824460d0,
     &      -0.239097505527d0,
     &      -0.054716061065d0,
     &      -0.299172642860d0,
     &      -0.503974199054d0,
     &      -0.310399162569d0,
     &      -0.054913250347d0,
     &       0.033258312175d0,
     &       0.110057262418d0,
     &       0.113219992912d0,
     &       0.069481751410d0,
     &       0.027901535026d0,
     &      -0.001055147260d0,
     &       0.061880871576d0,
     &       0.124145116185d0,
     &       0.072958624428d0,
     &       0.010341435590d0,
     &      -0.041077628216d0,
     &      -0.194235087596d0,
     &      -0.287077214474d0,
     &      -0.182422570666d0,
     &      -0.044875581064d0,
     &       0.083083975051d0,
     &       0.278975591535d0,
     &       0.407576151086d0,
     &       0.288408926834d0,
     &       0.081759917997d0,
     &       0.261853082634d0,
     &       0.175058768345d0,
     &      -0.216545731915d0,
     &       0.139951225868d0,
     &       0.192306553324d0,
     &       0.215161370644d0,
     &       0.150522413203d0,
     &      -0.291597299988d0,
     &       0.180413065796d0,
     &       0.243777821812d0,
     &      -0.277558283142d0,
     &      -0.101977983284d0,
     &       0.214728757187d0,
     &      -0.127105259593d0,
     &      -0.233143574733d0,
     &       0.037220293605d0,
     &      -0.009462051437d0,
     &       0.023861481147d0,
     &      -0.006516125053d0,
     &       0.044696937143d0,
     &       0.356527140446d0,
     &       0.103207620828d0,
     &      -0.301064815533d0,
     &       0.134495344673d0,
     &       0.311022663576d0,
     &       0.139012964596d0,
     &      -0.088046956015d0,
     &       0.061995781231d0,
     &      -0.057233630704d0,
     &       0.093836804921d0,
     &       0.299976721886d0,
     &      -0.262432612127d0,
     &       0.249607586976d0,
     &      -0.262852903910d0,
     &       0.317614460234d0,
     &       0.076594801156d0,
     &      -0.123133676352d0,
     &       0.149609344269d0,
     &      -0.156857148631d0,
     &       0.132719121135d0,
     &      -0.216657578763d0,
     &       0.233439160064d0,
     &      -0.251359443534d0,
     &       0.267076004264d0,
     &      -0.266347019508d0,
     &      -0.135549143083d0,
     &       0.198077358259d0,
     &      -0.221362255923d0,
     &       0.205376009320d0,
     &      -0.156722705076d0,
     &      -0.180409078972d0,
     &      -0.455737086758d0,
     &      -0.018948872097d0,
     &       0.412313700466d0,
     &       0.151801967802d0,
     &       0.097975823879d0,
     &       0.119786430550d0,
     &       0.003667820083d0,
     &      -0.043347514974d0,
     &      -0.046535030663d0,
     &       0.020785836127d0,
     &       0.109430991876d0,
     &      -0.020509056460d0,
     &      -0.138940793696d0,
     &      -0.043644481760d0,
     &      -0.135739087287d0,
     &      -0.257589628723d0,
     &       0.031482015414d0,
     &       0.259273157913d0,
     &       0.120911815010d0,
     &       0.219365730675d0,
     &       0.338400846756d0,
     &      -0.026310190373d0,
     &      -0.362980567247d0,
     &      -0.203992944234d0,
     &      -0.345244896809d0,
     &       0.112534156287d0,
     &      -0.010593803099d0,
     &      -0.072731822766d0,
     &       0.244641654190d0,
     &      -0.289065360029d0,
     &       0.183702454122d0,
     &      -0.037788402078d0,
     &      -0.130981482303d0,
     &       0.346681832854d0,
     &       0.300339983441d0,
     &      -0.164894128174d0,
     &       0.042854931428d0,
     &       0.083918726787d0,
     &      -0.261335025943d0,
     &      -0.016238251355d0,
     &      -0.014920666988d0,
     &       0.001297873296d0,
     &       0.019731372683d0,
     &       0.011108184666d0,
     &      -0.365181935836d0,
     &       0.259499025347d0,
     &      -0.065205114752d0,
     &      -0.165054732456d0,
     &       0.345036830795d0,
     &       0.005067131109d0,
     &       0.176381001160d0,
     &       0.415979217695d0,
     &       0.288063545781d0,
     &       0.051564285997d0,
     &      -0.031657764727d0,
     &      -0.207292763865d0,
     &      -0.355684856566d0,
     &      -0.235738865745d0,
     &      -0.051387645135d0,
     &       0.052529383004d0,
     &       0.213335847541d0,
     &       0.310252368721d0,
     &       0.205918872959d0,
     &       0.051637870269d0,
     &      -0.064929669579d0,
     &      -0.205438700334d0,
     &      -0.274038453864d0,
     &      -0.187522284769d0,
     &      -0.054269637534d0,
     &       0.066766352804d0,
     &       0.185088198842d0,
     &       0.241643079912d0,
     &       0.177082336578d0,
     &       0.061630601214d0,
     &      -0.358285985280d0,
     &      -0.233284953954d0,
     &       0.329988014887d0,
     &      -0.231467663924d0,
     &      -0.272813135213d0,
     &       0.156134483741d0,
     &       0.044994837146d0,
     &      -0.011222681334d0,
     &       0.005448358976d0,
     &       0.036342762144d0,
     &       0.058848091535d0,
     &       0.026933995184d0,
     &      -0.149414835797d0,
     &       0.097909867893d0,
     &       0.097360661203d0,
     &      -0.234867974851d0,
     &      -0.049018632249d0,
     &       0.235595952168d0,
     &      -0.145429279086d0,
     &      -0.204954638399d0,
     &       0.344200684668d0,
     &       0.048558822235d0,
     &      -0.278839745472d0,
     &       0.160121819035d0,
     &       0.326198096972d0,
     &       0.268085248640d0,
     &      -0.184465327592d0,
     &       0.160775261386d0,
     &      -0.168688977372d0,
     &       0.218258287826d0,
     &       0.138538357524d0,
     &      -0.191372679742d0,
     &       0.214005667994d0,
     &      -0.240278580730d0,
     &       0.289068542118d0,
     &      -0.177576184435d0,
     &       0.189864279934d0,
     &      -0.188847525668d0,
     &       0.202598446295d0,
     &      -0.247911163328d0,
     &       0.047064558181d0,
     &      -0.021982399918d0,
     &      -0.002855493746d0,
     &       0.002820748755d0,
     &       0.038555928899d0,
     &       0.156617979856d0,
     &      -0.229858517873d0,
     &       0.292024552461d0,
     &      -0.316169855497d0,
     &       0.276937282380d0,
     &       0.049694217954d0,
     &       0.353946954480d0,
     &       0.051148745646d0,
     &      -0.400680904864d0,
     &      -0.152722976428d0,
     &      -0.122947777407d0,
     &      -0.322894917648d0,
     &      -0.019893688765d0,
     &       0.303665270562d0,
     &       0.132417064208d0,
     &       0.163912681981d0,
     &       0.285493549882d0,
     &       0.005940293943d0,
     &      -0.246104638986d0,
     &      -0.123797062392d0,
     &      -0.178380593501d0,
     &      -0.247836716674d0,
     &       0.000989637627d0,
     &       0.207137764065d0,
     &       0.123237130639d0,
     &       0.166970168002d0,
     &       0.208089417395d0,
     &      -0.004496144957d0,
     &      -0.178090634171d0,
     &      -0.133004413859d0,
     &       0.465131654205d0,
     &      -0.180312073334d0,
     &       0.033660338683d0,
     &       0.101030112451d0,
     &      -0.377638435413d0,
     &      -0.167633378677d0,
     &       0.016479202168d0,
     &      -0.004962992920d0,
     &       0.032088552234d0,
     &      -0.016252825392d0,
     &      -0.066681092777d0,
     &       0.118433692604d0,
     &      -0.042141701011d0,
     &      -0.076164162768d0,
     &       0.175181046162d0,
     &       0.231078067207d0,
     &      -0.217216725225d0,
     &       0.083268861545d0,
     &       0.096499704908d0,
     &      -0.265090118421d0,
     &      -0.319946236876d0,
     &       0.275488032117d0,
     &      -0.110070321678d0,
     &      -0.116400901979d0,
     &       0.346030756706d0,
     &      -0.175748704274d0,
     &      -0.233893580418d0,
     &       0.347817912149d0,
     &      -0.219351025059d0,
     &      -0.288289380639d0,
     &       0.248474264872d0,
     &       0.153733639807d0,
     &      -0.263870568388d0,
     &       0.157239141793d0,
     &       0.219457078947d0,
     &      -0.279318561470d0,
     &      -0.095913229308d0,
     &       0.202030848879d0,
     &      -0.112458383279d0,
     &      -0.190941693722d0,
     &       0.280241540888d0,
     &       0.053557237612d0,
     &      -0.153841877633d0,
     &       0.077560957364d0,
     &       0.180451330677d0,
     &      -0.252496961328d0,
     &      -0.022349655540d0,
     &       0.113195852468d0,
     &      -0.047276419922d0,
     &      -0.184997949218d0,
     &       0.330945939971d0,
     &      -0.251071933494d0,
     &       0.220036527363d0,
     &      -0.238117438100d0,
     &       0.342364032342d0,
     &      -0.167716746000d0,
     &       0.070132163670d0,
     &      -0.016517877916d0,
     &      -0.001960583394d0,
     &      -0.024720207694d0,
     &       0.045766079933d0,
     &       0.053606081772d0,
     &      -0.112864002694d0,
     &       0.140781240523d0,
     &      -0.132929489941d0,
     &       0.044106434472d0,
     &      -0.142432869794d0,
     &       0.205539450412d0,
     &      -0.238382361814d0,
     &       0.235345588329d0,
     &      -0.105011537981d0,
     &       0.204454308991d0,
     &      -0.277083884032d0,
     &       0.321390819788d0,
     &      -0.326171928585d0,
     &       0.301504028436d0,
     &      -0.149621472323d0,
     &      -0.000171322826d0,
     &       0.180255217241d0,
     &      -0.463075522275d0,
     &      -0.318208300550d0,
     &       0.174039449336d0,
     &      -0.040971611388d0,
     &      -0.101975359078d0,
     &       0.290211319863d0,
     &       0.306803478702d0,
     &      -0.177992279101d0,
     &       0.059804882136d0,
     &       0.061618120406d0,
     &      -0.205125142897d0,
     &      -0.278165250488d0,
     &       0.170592046788d0,
     &      -0.067800340367d0,
     &      -0.038288333677d0,
     &       0.156889459269d0,
     &       0.232464567909d0,
     &      -0.152862632687d0,
     &       0.068386024518d0,
     &       0.024716660645d0,
     &      -0.129703076053d0,
     &       0.197816222248d0,
     &      -0.213523742228d0,
     &       0.236799232720d0,
     &      -0.275929405593d0,
     &       0.353276651621d0,
     &      -0.186898694452d0,
     &       0.195331437265d0,
     &      -0.207179439420d0,
     &       0.226027337596d0,
     &      -0.260818575747d0,
     &       0.169948436532d0,
     &      -0.176879656308d0,
     &       0.184675941463d0,
     &      -0.194885750884d0,
     &       0.211015892038d0,
     &      -0.149213504462d0,
     &       0.158176869013d0,
     &      -0.166145571245d0,
     &       0.173573379015d0,
     &      -0.181158139168d0,
     &       0.123299829733d0,
     &      -0.137069182101d0,
     &       0.148982874890d0,
     &      -0.158642294120d0,
     &       0.164821974866d0,
wf:
-0.004599584926 -0.015195394289  0.017791258028 -0.031341287207 -0.058424622508  0.044350326599  0.040415807675  0.118039223598 -0.041974840475  0.132034010591 -0.161710453435 -0.054716061065  0.261853082634  0.139012964596 -0.180409078972 -0.345244896809  0.005067131109 -0.358285985280  0.268085248640  0.049694217954  0.465131654205 -0.175748704274  0.330945939971  0.301504028436  0.197816222248
-0.023470269043 -0.038428207667  0.091192758222 -0.028227023671 -0.143842592580 -0.002272708301  0.210171584688  0.092290223593  0.020392058437  0.320513255796  0.031534210786 -0.299172642860  0.175058768345 -0.088046956015 -0.455737086758  0.112534156287  0.176381001160 -0.233284953954 -0.184465327592  0.353946954480 -0.180312073334 -0.233893580418 -0.251071933494 -0.149621472323 -0.213523742228
-0.040589365463 -0.010113378070  0.154419467104  0.019426815607 -0.025567477736 -0.007256826810  0.350286478098 -0.084894679516 -0.014846740200  0.028098592776  0.014512885107 -0.503974199054 -0.216545731915  0.061995781231 -0.018948872097 -0.010593803099  0.415979217695  0.329988014887  0.160775261386  0.051148745646  0.033660338683  0.347817912149  0.220036527363 -0.000171322826  0.236799232720
-0.028340089849  0.028842076691  0.103212329408 -0.010341051305  0.115857912275  0.007610937929  0.223741482859  0.049811351372  0.015002967290 -0.277119432993 -0.029163396469 -0.310399162569  0.139951225868 -0.057233630704  0.412313700466 -0.072731822766  0.288063545781 -0.231467663924 -0.168688977372 -0.400680904864  0.101030112451 -0.219351025059 -0.238117438100  0.180255217241 -0.275929405593
-0.006596143790  0.014999201497  0.022316258780 -0.022730642544  0.053661043140 -0.025919170257  0.044321465523  0.085465326649 -0.023492995640 -0.114053297605  0.102057979139 -0.054913250347  0.192306553324  0.093836804921  0.151801967802  0.244641654190  0.051564285997 -0.272813135213  0.218258287826 -0.152722976428 -0.377638435413 -0.288289380639  0.342364032342 -0.463075522275  0.353276651621
-0.026377207135 -0.086976005390  0.047524772154 -0.175242496813 -0.160101243768  0.234699330269  0.026533840760  0.323180490494 -0.191494906857  0.098109666772 -0.426870498988  0.033258312175  0.215161370644  0.299976721886  0.097975823879 -0.289065360029 -0.031657764727  0.156134483741  0.138538357524 -0.122947777407 -0.167633378677  0.248474264872 -0.167716746000 -0.318208300550 -0.186898694452
-0.137639825193 -0.222153666091  0.262364322179 -0.141310557715 -0.416449163667 -0.054269761545  0.186531180860  0.230163215164  0.139323801340  0.310203185362  0.168031399352  0.110057262418  0.150522413203 -0.262432612127  0.119786430550  0.183702454122 -0.207292763865  0.044994837146 -0.191372679742 -0.322894917648  0.016479202168  0.153733639807  0.070132163670  0.174039449336  0.195331437265
-0.246594095522 -0.051305082830  0.468318845470  0.147549404336 -0.059355975781 -0.026377076184  0.354906110073 -0.319074510594 -0.119624329573  0.014760516066 -0.000198771675  0.113219992912 -0.291597299988  0.249607586976  0.003667820083 -0.037788402078 -0.355684856566 -0.011222681334  0.214005667994 -0.019893688765 -0.004962992920 -0.263870568388 -0.016517877916 -0.040971611388 -0.207179439420
-0.182073449861  0.196128272927  0.328793526881 -0.065495112965  0.396552837457  0.082345201293  0.234698382065  0.168254274718  0.122657159912 -0.332525868978 -0.156987056828  0.069481751410  0.180413065796 -0.262852903910 -0.043347514974 -0.130981482303 -0.235738865745  0.005448358976 -0.240278580730  0.303665270562  0.032088552234  0.157239141793 -0.001960583394 -0.101975359078  0.226027337596
-0.046468826902  0.109389207577  0.075172985745 -0.168664044537  0.191272367995 -0.189014243660  0.041692779201  0.317120525156 -0.155894445293 -0.127960384575  0.383018414689  0.027901535026  0.243777821812  0.317614460234 -0.046535030663  0.346681832854 -0.051387645135  0.036342762144  0.289068542118  0.132417064208 -0.016252825392  0.219457078947 -0.024720207694  0.290211319863 -0.260818575747
-0.053780442080 -0.178080549714  0.009213712342 -0.354666782346 -0.046492077909  0.457412274850 -0.051325802528  0.117382280937 -0.329210994286 -0.161039009655 -0.177964428655 -0.001055147260 -0.277558283142  0.076594801156  0.020785836127  0.300339983441  0.052529383004  0.058848091535 -0.177576184435  0.163912681981 -0.066681092777 -0.279318561470  0.045766079933  0.306803478702  0.169948436532
-0.279514458035 -0.450777331869  0.096055291627 -0.259232897994 -0.182068507472 -0.171202050743 -0.222579742250  0.102984940841  0.309705642422 -0.295915703168  0.121396336709  0.061880871576 -0.101977983284 -0.123133676352  0.109430991876 -0.164894128174  0.213335847541  0.026933995184  0.189864279934  0.285493549882  0.118433692604 -0.095913229308  0.053606081772 -0.177992279101 -0.176879656308
-0.505168037967 -0.096590887618  0.199418539208  0.347021999164 -0.026764785888 -0.037612057893 -0.336917378271 -0.192016871970 -0.298613233933 -0.003664323579 -0.011500114421  0.124145116185  0.214728757187  0.149609344269 -0.020509056460  0.042854931428  0.310252368721 -0.149414835797 -0.188847525668  0.005940293943 -0.042141701011  0.202030848879 -0.112864002694  0.059804882136  0.184675941463
-0.382815349357  0.425085517160  0.136186466372 -0.129596203839  0.194555176315  0.226707530396 -0.232458534691  0.086319699316  0.299313440077  0.279442769023 -0.113679863080  0.072958624428 -0.127105259593 -0.156857148631 -0.138940793696  0.083918726787  0.205918872959  0.097909867893  0.202598446295 -0.246104638986 -0.076164162768 -0.112458383279  0.140781240523  0.061618120406 -0.194885750884
-0.103207194167  0.248268702667  0.023006628760 -0.386069729846  0.076135684902 -0.425351347704 -0.064600330389  0.151125628563 -0.312569540015  0.151097874387  0.203071961974  0.010341435590 -0.233143574733  0.132719121135 -0.043644481760 -0.261335025943  0.051637870269  0.097360661203 -0.247911163328 -0.123797062392  0.175181046162 -0.190941693722 -0.132929489941 -0.205125142897  0.211015892038
-0.047316208327 -0.158104578178 -0.060396503873 -0.313879254938  0.180569651613  0.394458539105  0.020102018632 -0.318333805577 -0.254275617650  0.034812698688  0.345182337256 -0.041077628216  0.037220293605 -0.216657578763 -0.135739087287 -0.016238251355 -0.064929669579 -0.234867974851  0.047064558181 -0.178380593501  0.231078067207  0.280241540888  0.044106434472 -0.278165250488 -0.149213504462
-0.239359978067 -0.389647479861 -0.249003523729 -0.209807112637  0.350623469131 -0.190595055882  0.034528676356 -0.138584794146  0.288011724047  0.016400982532 -0.179217304305 -0.194235087596 -0.009462051437  0.233439160064 -0.257589628723 -0.014920666988 -0.205438700334 -0.049018632249 -0.021982399918 -0.247836716674 -0.217216725225  0.053557237612 -0.142432869794  0.170592046788  0.158176869013
-0.427071432938 -0.081676292670 -0.399081852608  0.325165277071  0.036403668640 -0.031653875674  0.039993574331  0.266297060024 -0.296695009812 -0.001297242557  0.015884481001 -0.287077214474  0.023861481147 -0.251359443534  0.031482015414  0.001297873296 -0.274038453864  0.235595952168 -0.002855493746  0.000989637627  0.083268861545 -0.153841877633  0.205539450412 -0.067800340367 -0.166145571245
-0.324775932561  0.365857008059 -0.299529960074 -0.097502034737 -0.334457558901  0.231818603449  0.045626864647 -0.112169885656  0.280360310173 -0.022791260496  0.163766421158 -0.182422570666 -0.006516125053  0.267076004264  0.259273157913  0.019731372683 -0.187522284769 -0.145429279086  0.002820748755  0.207137764065  0.096499704908  0.077560957364 -0.238382361814 -0.038288333677  0.173573379015
-0.090120110081  0.219835417804 -0.090363390853 -0.342585315705 -0.210516752107 -0.369857219888  0.022959275979 -0.314382498040 -0.234395407683 -0.043434640329 -0.337255157129 -0.044875581064  0.044696937143 -0.266347019508  0.120911815010  0.011108184666 -0.054269637534 -0.204954638399  0.038555928899  0.123237130639 -0.265090118421  0.180451330677  0.235345588329  0.156889459269 -0.181158139168
-0.015765291511 -0.053459433023 -0.042325446103 -0.106682275417  0.134018171647  0.132082797334  0.071325446657 -0.247905313702 -0.077459100015  0.207810667388  0.277465271378  0.083083975051  0.356527140446 -0.135549143083  0.219365730675 -0.365181935836  0.066766352804  0.344200684668  0.156617979856  0.166970168002 -0.319946236876 -0.252496961328 -0.105011537981  0.232464567909  0.123299829733
-0.075228423616 -0.125017669543 -0.179392012647 -0.065501780488  0.271201845521 -0.072623513870  0.269621493006 -0.110371150064  0.099893526367  0.367859668900 -0.174835787864  0.278975591535  0.103207620828  0.198077358259  0.338400846756  0.259499025347  0.185088198842  0.048558822235 -0.229858517873  0.208089417395  0.275488032117 -0.022349655540  0.204454308991 -0.152862632687 -0.137069182101
-0.128662370524 -0.026945123939 -0.285930744066  0.106742386202  0.033521862339 -0.014371964754  0.406353776103  0.227132486973 -0.103507614520  0.008880751666  0.003499422391  0.407576151086 -0.301064815533 -0.221362255923 -0.026310190373 -0.065205114752  0.241643079912 -0.278839745472  0.292024552461 -0.004496144957 -0.110070321678  0.113195852468 -0.277083884032  0.068386024518  0.148982874890
-0.095296492851  0.107245967166 -0.205467667070 -0.022495968030 -0.239679853250  0.079302379117  0.286494862998 -0.072079858940  0.087133275361 -0.346490612061  0.148520824460  0.288408926834  0.134495344673  0.205376009320 -0.362980567247 -0.165054732456  0.177082336578  0.160121819035 -0.316169855497 -0.178090634171 -0.116400901979 -0.047276419922  0.321390819788  0.024716660645 -0.158642294120
-0.026334646211  0.064704513065 -0.057416592312 -0.100295675666 -0.140398233112 -0.105200285568  0.080630210478 -0.218195324236 -0.053548649926 -0.198160403918 -0.239097505527  0.081759917997  0.311022663576 -0.156722705076 -0.203992944234  0.345036830795  0.061630601214  0.326198096972  0.276937282380 -0.133004413859  0.346030756706 -0.184997949218 -0.326171928585 -0.129703076053  0.164821974866
 r1m=    0.0000000000000000      R=    0.0000000000000000      vmin=  -189.58358924999999     
